start=2713.169000
volume=72.000000
