start=15.890867
volume=42.000000
