start=205.646000
volume=68.000000
