start=276.375000
volume=58.000000
sid=1
