start=969.635000
volume=102.000000
contrast=1
sid=2
