start=200.033000
volume=86.000000
sid=2
