start=6925.877292
volume=130.000000
fullscreen=no
