start=0.000000
volume=58.000000
