start=3398.478000
volume=90.000000
sid=1
