start=1022.543000
volume=28.000000
