start=2422.211000
volume=82.000000
sid=1
