start=2709.480000
volume=90.000000
aid=1
sid=1
