start=61.228000
volume=54.000000
