start=2600.750000
volume=42.000000
sid=1
