start=399.680000
volume=74.000000
sid=1
