start=849.766000
volume=68.000000
sid=1
