start=1917.834000
volume=58.000000
fullscreen=no
