start=3201.761000
volume=70.000000
