start=26.208000
volume=94.000000
sid=1
