start=3990.007000
volume=70.000000
sid=2
