start=1550.007695
pause=yes
saturation=1
vid=no
sid=1
sub-pos=101
ab-loop-a=1550.049000
