start=69.382000
volume=54.000000
