start=842.341000
volume=54.000000
aid=2
