start=480.696000
volume=50.000000
