start=1076.117000
volume=62.000000
sid=1
