start=937.311000
pause=yes
volume=56.000000
sid=1
