start=1116.532083
volume=130.000000
