start=998.748000
volume=102.000000
