start=651.213000
volume=62.000000
