start=9.050000
volume=90.000000
