start=240.323000
volume=82.000000
sid=no
