start=91.992000
volume=76.000000
