start=207.749200
pause=yes
volume=130.000000
