start=451.701000
volume=68.000000
sid=1
