start=973.240000
volume=82.000000
fullscreen=yes
