start=23.857000
volume=76.000000
fullscreen=no
sid=1
