start=618.701411
volume=70.000000
