start=3034.657000
volume=82.000000
sid=1
