start=2610.358000
volume=90.000000
contrast=-1
sid=1
