start=734.708000
pause=yes
volume=96.000000
sid=1
