start=156.114000
volume=54.000000
brightness=-33
contrast=36
saturation=-2
sid=no
sub-pos=112
