start=316.256000
volume=28.000000
sid=1
