start=650.358000
volume=36.000000
sid=1
