start=169.101000
volume=78.000000
sid=7
