start=215.298417
volume=84.000000
fullscreen=no
