start=233.838000
volume=130.000000
sid=1
