start=2966.875000
volume=60.000000
sid=1
