start=368.618000
volume=76.000000
sid=1
