start=7747.740000
pause=yes
volume=94.000000
