start=2511.375000
volume=56.000000
fullscreen=no
sid=1
