start=26.026000
volume=50.000000
