start=1165.414244
volume=102.000000
