start=109.901000
pause=yes
volume=86.000000
sid=1
