start=2888.511000
volume=78.000000
