start=3.003000
panscan=0.100000
