start=206.331000
volume=94.000000
sid=1
