start=572.530000
volume=86.000000
