start=2054.869000
volume=66.000000
