start=858.816000
volume=88.000000
sid=1
