start=463.693000
pause=yes
volume=104.000000
