start=348.440000
volume=104.000000
aid=1
