start=2519.250000
volume=74.000000
