start=961.169000
volume=66.000000
sid=1
