start=0.000000
volume=72.000000
sid=1
