start=2616.364000
volume=38.000000
sid=1
sub-delay=-0.700000
