start=984.760000
volume=72.000000
aid=1
sid=1
