start=2616.823000
volume=80.000000
sid=1
