start=6227.179000
pause=yes
volume=130.000000
