start=1381.005000
volume=102.000000
sid=3
