start=125.821000
volume=80.000000
