start=3419.291000
volume=60.000000
