start=2583.706000
volume=48.000000
sid=1
