start=3370.507000
volume=62.000000
