start=2457.893000
volume=48.000000
sid=1
