start=45.560000
volume=84.000000
sid=2
