start=1937.268667
volume=92.000000
