start=2421.440000
volume=52.000000
