start=2836.959000
volume=102.000000
sid=6
