start=389.555833
volume=42.000000
