start=976.475500
volume=62.000000
