start=500.250000
volume=130.000000
fullscreen=no
