start=85.490785
volume=74.000000
