start=393.935200
volume=84.000000
