start=2090.422000
volume=36.000000
contrast=-1
sid=2
