start=443.026000
volume=78.000000
sid=1
