start=741.021000
volume=60.000000
sid=2
