start=1964.520000
volume=58.000000
aid=3
sid=3
