start=1653.610000
volume=48.000000
contrast=-5
sid=1
