start=1728.560167
volume=62.000000
