start=70.396000
volume=60.000000
