start=2594.050000
volume=56.000000
