start=2.085000
volume=102.000000
sid=1
