start=213.964000
pause=yes
volume=84.000000
sid=1
