start=2575.114000
volume=68.000000
sid=1
