start=156.657000
volume=94.000000
