start=1847.471000
volume=76.000000
