start=599.390000
volume=74.000000
sid=1
