start=894.227000
pause=yes
volume=72.000000
sid=1
