start=3446.673000
volume=72.000000
fullscreen=no
