start=979.708000
volume=88.000000
sid=1
