start=2639.928000
volume=130.000000
fullscreen=no
