start=2233.479000
volume=50.000000
fullscreen=yes
