start=1620.581000
pause=yes
volume=58.000000
