start=1783.323000
volume=26.000000
