start=669.961000
volume=72.000000
sid=1
