start=2561.142000
volume=38.000000
sid=1
