start=2575.219000
volume=76.000000
sid=1
