start=2419.200000
volume=60.000000
