start=472.021000
volume=44.000000
