start=64.131000
volume=72.000000
