start=1914.037000
volume=76.000000
sid=1
