start=2622.687000
volume=66.000000
