start=193.381000
volume=60.000000
