start=476.393000
pause=yes
volume=130.000000
fullscreen=yes
sid=1
