start=1213.337000
volume=46.000000
sid=1
