start=880.338000
volume=66.000000
fullscreen=yes
