start=2542.123000
pause=yes
volume=68.000000
sid=1
