start=1535.861000
volume=60.000000
