start=363.125000
volume=22.000000
