start=9.051000
volume=58.000000
sid=1
