start=353.400000
pause=yes
volume=52.000000
