start=3321.127657
volume=70.000000
