start=3486.941792
volume=72.000000
