start=1968.132833
volume=86.000000
fullscreen=yes
