start=2148.958000
pause=yes
volume=58.000000
aid=2
sid=1
