start=2090.421000
pause=yes
volume=60.000000
