start=2366.396000
volume=58.000000
