start=2694.588000
volume=72.000000
