start=1640.222000
volume=66.000000
sid=1
