start=65.649000
volume=94.000000
sid=1
sub-visibility=no
