start=97.061000
volume=42.000000
