start=378.146000
volume=30.000000
fullscreen=yes
sid=1
