start=1170.396000
volume=86.000000
fullscreen=yes
deinterlace=yes
panscan=0.100000
