start=2053.885000
volume=82.000000
mute=yes
fullscreen=yes
contrast=-2
aid=2
sid=2
video-aspect-override=1.777778
